   0.0000000e+00
   1.0000000e+00
   2.0000000e+00
   3.0000000e+00
   4.0000000e+00
   7.0000000e+00
   8.0000000e+00
   1.1000000e+01
   1.5000000e+01
   1.6000000e+01
   1.9000000e+01
   2.4500000e+01
   3.0000000e+01
   3.1000000e+01
   3.4000000e+01
   4.3000000e+01
   6.0000000e+01
   6.1000000e+01
   6.4000000e+01
   7.3000000e+01
   9.0000000e+01
   9.1000000e+01
   9.4000000e+01
   1.0300000e+02
   1.2000000e+02
   1.2100000e+02
   1.2400000e+02
   1.3300000e+02
   1.5000000e+02
   1.5100000e+02
   1.5400000e+02
   1.6300000e+02
   1.8000000e+02
   1.8100000e+02
   1.8400000e+02
   1.9300000e+02
   2.1000000e+02
   2.1100000e+02
   2.1400000e+02
   2.2300000e+02
   2.4000000e+02
   2.4100000e+02
   2.4400000e+02
   2.5300000e+02
   2.7000000e+02
   2.7100000e+02
   2.7400000e+02
   2.8300000e+02
   3.0000000e+02
   3.0100000e+02
   3.0400000e+02
   3.1300000e+02
   3.3000000e+02
   3.3100000e+02
   3.3400000e+02
   3.4300000e+02
   3.6000000e+02
   3.6100000e+02
   3.6400000e+02
   3.7300000e+02
   3.9000000e+02
   3.9100000e+02
   3.9400000e+02
   4.0300000e+02
   4.2000000e+02
   4.2100000e+02
   4.2400000e+02
   4.3300000e+02
   4.5000000e+02
   4.5100000e+02
   4.5400000e+02
   4.6300000e+02
   4.8000000e+02
   4.8100000e+02
   4.8400000e+02
   4.9300000e+02
   5.1000000e+02
   5.1100000e+02
   5.1400000e+02
   5.2300000e+02
   5.4000000e+02
   5.4100000e+02
   5.4400000e+02
   5.5300000e+02
   5.7000000e+02
   5.7100000e+02
   5.7350000e+02
   5.7600000e+02
   5.7700000e+02
   5.8000000e+02
   5.8500000e+02
   5.8600000e+02
   5.8900000e+02
   5.9450000e+02
   6.0000000e+02
   6.0100000e+02
   6.0400000e+02
   6.1300000e+02
   6.3000000e+02
   6.3100000e+02
   6.3400000e+02
   6.4300000e+02
   6.6000000e+02
   6.6100000e+02
   6.6400000e+02
   6.7300000e+02
   6.9000000e+02
   6.9100000e+02
   6.9400000e+02
   7.0300000e+02
   7.2000000e+02
   7.2100000e+02
   7.2400000e+02
   7.3300000e+02
   7.4900000e+02
   7.5000000e+02
   7.5300000e+02
   7.6200000e+02
   7.7900000e+02
   7.8000000e+02
   7.8300000e+02
   7.9200000e+02
   8.0900000e+02
   8.1000000e+02
   8.1300000e+02
   8.2200000e+02
   8.3900000e+02
   8.4000000e+02
   8.4300000e+02
   8.5200000e+02
   8.6900000e+02
   8.7000000e+02
   8.7300000e+02
   8.8200000e+02
   9.0000000e+02
   9.0100000e+02
   9.0400000e+02
   9.1300000e+02
   9.3000000e+02
   9.3100000e+02
   9.3400000e+02
   9.4300000e+02
   9.6100000e+02
   9.6200000e+02
   9.6500000e+02
   9.7400000e+02
   9.9100000e+02
   9.9200000e+02
   9.9500000e+02
   1.0040000e+03
   1.0210000e+03
   1.0220000e+03
   1.0250000e+03
   1.0340000e+03
   1.0520000e+03
   1.0530000e+03
   1.0560000e+03
   1.0650000e+03
   1.0820000e+03
   1.0830000e+03
   1.0860000e+03
   1.0950000e+03
   1.1130000e+03
   1.1140000e+03
   1.1170000e+03
   1.1260000e+03
   1.1430000e+03
   1.1440000e+03
   1.1470000e+03
   1.1560000e+03
   1.1740000e+03
   1.1750000e+03
   1.1780000e+03
   1.1870000e+03
   1.2040000e+03
   1.2050000e+03
   1.2080000e+03
   1.2170000e+03
   1.2340000e+03
   1.2350000e+03
   1.2380000e+03
   1.2470000e+03
   1.2650000e+03
   1.2660000e+03
   1.2690000e+03
   1.2780000e+03
   1.2950000e+03
   1.2960000e+03
   1.2990000e+03
   1.3080000e+03
   1.3260000e+03
   1.3270000e+03
   1.3300000e+03
   1.3390000e+03
   1.3560000e+03
   1.3570000e+03
   1.3600000e+03
   1.3690000e+03
   1.3860000e+03
   1.3870000e+03
   1.3900000e+03
   1.3990000e+03
   1.4170000e+03
   1.4180000e+03
   1.4210000e+03
   1.4300000e+03
   1.4470000e+03
   1.4480000e+03
   1.4510000e+03
   1.4600000e+03
   1.4780000e+03
   1.4790000e+03
   1.4820000e+03
   1.4910000e+03
   1.5080000e+03
   1.5090000e+03
   1.5120000e+03
   1.5210000e+03
   1.5390000e+03
   1.5400000e+03
   1.5430000e+03
   1.5520000e+03
   1.5690000e+03
   1.5700000e+03
   1.5730000e+03
   1.5820000e+03
   1.5990000e+03
   1.6000000e+03
   1.6030000e+03
   1.6120000e+03
   1.6300000e+03
   1.6310000e+03
   1.6340000e+03
   1.6430000e+03
   1.6600000e+03
   1.6610000e+03
   1.6640000e+03
   1.6730000e+03
   1.6910000e+03
   1.6920000e+03
   1.6950000e+03
   1.7040000e+03
   1.7210000e+03
   1.7220000e+03
   1.7250000e+03
   1.7340000e+03
   1.7510000e+03
   1.7520000e+03
   1.7550000e+03
   1.7640000e+03
   1.7820000e+03
   1.7830000e+03
   1.7860000e+03
   1.7950000e+03
   1.8120000e+03
   1.8130000e+03
   1.8160000e+03
   1.8250000e+03
   1.8430000e+03
   1.8440000e+03
   1.8470000e+03
   1.8560000e+03
   1.8730000e+03
   1.8740000e+03
   1.8770000e+03
   1.8860000e+03
   1.9040000e+03
   1.9050000e+03
   1.9080000e+03
   1.9170000e+03
   1.9340000e+03
   1.9350000e+03
   1.9380000e+03
   1.9470000e+03
   1.9640000e+03
   1.9650000e+03
   1.9680000e+03
   1.9770000e+03
   1.9950000e+03
   1.9960000e+03
   1.9990000e+03
   2.0080000e+03
   2.0250000e+03
   2.0260000e+03
   2.0290000e+03
   2.0380000e+03
   2.0560000e+03
   2.0570000e+03
   2.0600000e+03
   2.0690000e+03
   2.0860000e+03
   2.0870000e+03
   2.0900000e+03
   2.0990000e+03
   2.1160000e+03
   2.1170000e+03
   2.1200000e+03
   2.1290000e+03
   2.1470000e+03
   2.1480000e+03
   2.1510000e+03
   2.1600000e+03
   2.1770000e+03
   2.1780000e+03
   2.1810000e+03
   2.1900000e+03
   2.2080000e+03
   2.2090000e+03
   2.2120000e+03
   2.2210000e+03
   2.2380000e+03
   2.2390000e+03
   2.2420000e+03
   2.2510000e+03
   2.2690000e+03
   2.2700000e+03
   2.2730000e+03
   2.2820000e+03
   2.2990000e+03
   2.3000000e+03
   2.3030000e+03
   2.3120000e+03
   2.3290000e+03
   2.3300000e+03
   2.3330000e+03
   2.3420000e+03
   2.3600000e+03
   2.3610000e+03
   2.3640000e+03
   2.3730000e+03
   2.3900000e+03
   2.3910000e+03
   2.3940000e+03
   2.4030000e+03
   2.4210000e+03
   2.4220000e+03
   2.4250000e+03
   2.4340000e+03
   2.4510000e+03
   2.4520000e+03
   2.4550000e+03
   2.4640000e+03
   2.4810000e+03
   2.4820000e+03
   2.4850000e+03
   2.4940000e+03
   2.5120000e+03
   2.5130000e+03
   2.5160000e+03
   2.5250000e+03
   2.5420000e+03
   2.5430000e+03
   2.5460000e+03
   2.5550000e+03
   2.5730000e+03
   2.5740000e+03
   2.5770000e+03
   2.5860000e+03
   2.6030000e+03
   2.6040000e+03
   2.6070000e+03
   2.6160000e+03
   2.6340000e+03
   2.6350000e+03
   2.6380000e+03
   2.6470000e+03
   2.6640000e+03
   2.6650000e+03
   2.6680000e+03
   2.6770000e+03
   2.6940000e+03
   2.6950000e+03
   2.6980000e+03
   2.7070000e+03
   2.7250000e+03
   2.7260000e+03
   2.7290000e+03
   2.7380000e+03
   2.7550000e+03
   2.7560000e+03
   2.7590000e+03
   2.7680000e+03
   2.7860000e+03
   2.7870000e+03
   2.7900000e+03
   2.7990000e+03
   2.8160000e+03
   2.8170000e+03
   2.8200000e+03
   2.8290000e+03
   2.8460000e+03
   2.8470000e+03
   2.8500000e+03
   2.8590000e+03
   2.8770000e+03
   2.8780000e+03
   2.8810000e+03
   2.8900000e+03
   2.9070000e+03
   2.9080000e+03
   2.9110000e+03
   2.9200000e+03
   2.9380000e+03
   2.9390000e+03
   2.9420000e+03
   2.9510000e+03
   2.9680000e+03
   2.9690000e+03
   2.9720000e+03
   2.9810000e+03
   2.9990000e+03
   3.0000000e+03
   3.0030000e+03
   3.0120000e+03
   3.0290000e+03
   3.0300000e+03
   3.0330000e+03
   3.0420000e+03
   3.0590000e+03
   3.0600000e+03
   3.0630000e+03
   3.0720000e+03
   3.0900000e+03
   3.0910000e+03
   3.0940000e+03
   3.1030000e+03
   3.1200000e+03
   3.1210000e+03
   3.1240000e+03
   3.1330000e+03
   3.1510000e+03
   3.1520000e+03
   3.1550000e+03
   3.1640000e+03
   3.1810000e+03
   3.1820000e+03
   3.1850000e+03
   3.1940000e+03
   3.2110000e+03
   3.2120000e+03
   3.2150000e+03
   3.2240000e+03
   3.2420000e+03
   3.2430000e+03
   3.2460000e+03
   3.2550000e+03
   3.2720000e+03
   3.2730000e+03
   3.2760000e+03
   3.2850000e+03
   3.3030000e+03
   3.3040000e+03
   3.3070000e+03
   3.3160000e+03
   3.3330000e+03
   3.3340000e+03
   3.3370000e+03
   3.3460000e+03
   3.3640000e+03
   3.3650000e+03
   3.3680000e+03
   3.3770000e+03
   3.3940000e+03
   3.3950000e+03
   3.3980000e+03
   3.4070000e+03
   3.4240000e+03
   3.4250000e+03
   3.4280000e+03
   3.4370000e+03
   3.4550000e+03
   3.4560000e+03
   3.4590000e+03
   3.4680000e+03
   3.4850000e+03
   3.4860000e+03
   3.4890000e+03
   3.4980000e+03
   3.5160000e+03
   3.5170000e+03
   3.5200000e+03
   3.5290000e+03
   3.5460000e+03
   3.5470000e+03
   3.5500000e+03
   3.5590000e+03
   3.5760000e+03
   3.5770000e+03
   3.5800000e+03
   3.5890000e+03
   3.6070000e+03
   3.6080000e+03
   3.6110000e+03
   3.6200000e+03
   3.6370000e+03
   3.6380000e+03
   3.6410000e+03
   3.6480000e+03
